METRICS,18,0.158009,6,5,1
MST,18,19,4
METRICS,19,0.158710,3,3,0
METRICS,16,0.159075,6,5,1
MST,16,17,9
METRICS,9,0.159098,8,8,1
MST,9,10,14
METRICS,2,0.159557,10,9,1
MST,2,3,1
METRICS,0,0.159732,4,4,1
MST,0,1,5
METRICS,13,0.159748,6,6,1
METRICS,3,0.161102,9,9,1
MST,3,4,18
METRICS,10,0.161170,7,8,1
MST,10,11,6
METRICS,5,0.161484,8,8,1
MST,5,6,5
METRICS,1,0.161870,9,9,1
MST,1,2,14
METRICS,8,0.161962,9,8,1
MST,8,9,15
METRICS,6,0.162094,8,8,1
MST,6,7,6
METRICS,7,0.162511,8,8,1
MST,7,8,6
METRICS,11,0.163743,9,8,1
MST,11,12,12
