METRICS,7,0.008893,14,12,1
MST,7,8,15
METRICS,8,0.009288,11,12,1
MST,8,9,1
METRICS,6,0.009207,14,13,1
MST,6,7,16
METRICS,9,0.009536,12,12,1
MST,9,10,1
METRICS,5,0.009590,13,12,1
MST,5,6,12
METRICS,10,0.009751,13,12,1
MST,10,11,9
METRICS,4,0.009786,12,13,1
MST,4,5,15
METRICS,3,0.009941,13,12,1
MST,3,4,13
METRICS,11,0.010029,12,12,1
MST,11,12,3
METRICS,12,0.010237,10,11,1
MST,12,13,7
METRICS,2,0.010225,12,12,1
MST,2,3,14
METRICS,13,0.010517,10,10,1
MST,13,14,16
METRICS,1,0.010571,10,11,1
MST,1,2,5
METRICS,0,0.010746,5,5,1
MST,0,1,16
METRICS,14,0.010735,10,10,1
MST,14,15,16
METRICS,15,0.011017,5,5,0
