METRICS,1,0.009005,14,12,1
MST,1,2,16
METRICS,0,0.009251,14,13,2
MST,0,13,2
MST,0,1,18
METRICS,2,0.009320,11,12,1
MST,2,3,4
METRICS,13,0.009449,12,12,0
METRICS,3,0.009661,12,12,1
MST,3,4,16
METRICS,12,0.009833,13,12,1
MST,12,13,5
METRICS,4,0.009910,13,12,1
MST,4,5,17
METRICS,11,0.010036,12,12,1
MST,11,12,16
METRICS,5,0.010262,12,12,1
MST,5,6,15
METRICS,10,0.010352,6,7,1
MST,10,11,3
METRICS,6,0.010548,11,12,1
MST,6,7,19
METRICS,7,0.010827,12,11,1
MST,7,8,15
METRICS,8,0.011043,11,11,1
MST,8,9,3
METRICS,9,0.011476,6,7,1
