METRICS,13,0.010033,14,13,1
MST,13,14,16
METRICS,12,0.010321,12,12,1
MST,12,13,3
METRICS,14,0.010311,14,13,1
MST,14,15,7
METRICS,15,0.010460,13,12,0
METRICS,11,0.010506,12,12,1
MST,11,12,7
METRICS,10,0.010787,13,12,1
MST,10,11,9
METRICS,0,0.010812,12,12,2
MST,0,1,6
MST,0,15,8
METRICS,9,0.010952,12,12,1
MST,9,10,15
METRICS,1,0.011021,11,12,1
MST,1,2,16
METRICS,8,0.011156,11,11,1
MST,8,9,8
METRICS,2,0.011310,12,11,1
MST,2,3,12
METRICS,7,0.011427,11,11,1
MST,7,8,5
METRICS,3,0.011595,10,11,1
MST,3,4,16
METRICS,6,0.011725,11,11,1
MST,6,7,1
METRICS,4,0.011767,10,10,1
METRICS,5,0.012094,10,11,1
MST,5,6,1
