METRICS,12,0.001238,7,6,1
MST,12,13,5
METRICS,11,0.001384,5,4,1
MST,11,12,5
METRICS,13,0.001458,4,4,1
METRICS,15,0.155520,5,6,1
MST,15,16,5
METRICS,2,0.157174,7,7,1
MST,2,3,7
METRICS,5,0.157160,7,8,1
MST,5,6,2
METRICS,1,0.157605,6,6,1
MST,1,2,7
METRICS,14,0.159070,4,3,1
MST,14,15,9
METRICS,6,0.159412,7,7,1
MST,6,7,12
METRICS,16,0.159431,6,5,1
MST,16,17,19
METRICS,4,0.159533,8,7,1
MST,4,5,17
METRICS,18,0.159550,5,6,1
MST,18,19,8
METRICS,9,0.160012,8,8,1
MST,9,10,5
METRICS,10,0.160207,5,5,1
METRICS,19,0.160329,5,6,0
METRICS,3,0.160903,7,7,1
MST,3,4,8
METRICS,8,0.161354,9,8,1
MST,8,9,13
