METRICS,0,0.000814,33,32,15
MST,0,6,3
MST,0,12,4
MST,0,5,8
MST,0,9,9
MST,0,11,9
MST,0,7,11
MST,0,14,11
MST,0,15,12
MST,0,10,13
MST,0,3,14
MST,0,1,15
MST,0,8,15
MST,0,13,17
MST,0,2,18
MST,0,4,18
METRICS,2,0.000985,2,2,0
METRICS,9,0.000987,2,2,0
METRICS,6,0.000988,4,3,0
METRICS,10,0.001015,2,2,0
METRICS,11,0.000999,2,2,0
METRICS,4,0.001027,2,2,0
METRICS,5,0.001032,2,2,0
METRICS,7,0.001016,2,2,0
METRICS,14,0.001011,2,2,0
METRICS,1,0.001067,2,2,0
METRICS,3,0.001063,2,2,0
METRICS,8,0.001086,2,2,0
METRICS,13,0.001050,2,2,0
METRICS,12,0.001102,3,3,0
METRICS,15,0.002467,2,2,0
