METRICS,0,0.000818,41,40,19
MST,0,3,2
MST,0,12,2
MST,0,5,3
MST,0,6,3
MST,0,10,3
MST,0,17,4
MST,0,8,6
MST,0,14,6
MST,0,11,8
MST,0,13,8
MST,0,16,8
MST,0,19,8
MST,0,18,9
MST,0,4,10
MST,0,7,11
MST,0,9,11
MST,0,1,12
MST,0,15,13
MST,0,2,14
METRICS,3,0.000999,4,3,0
METRICS,8,0.001000,2,2,0
METRICS,2,0.001029,2,2,0
METRICS,7,0.001008,2,2,0
METRICS,9,0.001007,2,2,0
METRICS,11,0.001007,2,2,0
METRICS,12,0.001024,3,3,0
METRICS,14,0.001003,2,2,0
METRICS,19,0.000998,2,2,0
METRICS,1,0.001036,2,2,0
METRICS,4,0.001044,2,2,0
METRICS,5,0.001074,2,2,0
METRICS,6,0.001077,2,2,0
METRICS,13,0.001072,2,2,0
METRICS,15,0.001043,2,2,0
METRICS,16,0.001072,2,2,0
METRICS,17,0.001060,2,2,0
METRICS,18,0.001031,2,2,0
METRICS,10,0.001103,2,2,0
