METRICS,0,0.003618,11,9,2
MST,0,1,9
MST,0,2,11
METRICS,2,0.003791,15,13,2
MST,2,5,4
MST,2,6,17
METRICS,1,0.003922,13,13,2
MST,1,4,7
MST,1,3,16
METRICS,5,0.003971,12,12,2
MST,5,11,1
MST,5,12,13
METRICS,6,0.003978,13,12,2
MST,6,14,10
MST,6,13,13
METRICS,4,0.004143,12,12,2
MST,4,9,2
MST,4,10,6
METRICS,14,0.004152,4,5,0
METRICS,3,0.004236,14,13,2
MST,3,7,1
MST,3,8,11
METRICS,11,0.004147,4,5,0
METRICS,12,0.004228,3,3,0
METRICS,13,0.004246,4,4,0
METRICS,10,0.004348,4,4,0
METRICS,9,0.004437,4,5,0
METRICS,8,0.004480,4,4,0
METRICS,7,0.004533,8,9,1
MST,7,15,3
METRICS,15,0.004909,4,4,0
