METRICS,1,0.003890,15,13,2
MST,1,3,11
MST,1,4,13
METRICS,3,0.004049,11,12,2
MST,3,7,13
MST,3,8,17
METRICS,4,0.004007,15,13,2
MST,4,9,1
MST,4,10,6
METRICS,8,0.004295,3,3,0
METRICS,9,0.004297,4,5,0
METRICS,7,0.004182,4,4,0
METRICS,10,0.004322,4,4,0
METRICS,0,0.005329,9,9,2
MST,0,1,13
MST,0,2,17
METRICS,2,0.005542,14,13,2
MST,2,5,4
MST,2,6,12
METRICS,5,0.005634,12,12,2
MST,5,12,3
MST,5,11,16
METRICS,6,0.005710,8,8,1
MST,6,13,19
METRICS,12,0.005912,4,5,0
METRICS,11,0.005979,3,3,0
METRICS,13,0.006111,4,4,0
