METRICS,2,0.004096,15,13,2
MST,2,6,15
MST,2,5,19
METRICS,6,0.004257,15,13,2
MST,6,13,6
MST,6,14,6
METRICS,5,0.004317,13,12,2
MST,5,11,13
MST,5,12,14
METRICS,0,0.004423,9,9,2
MST,0,1,2
MST,0,2,5
METRICS,13,0.004484,4,5,0
METRICS,14,0.004499,4,4,0
METRICS,11,0.004575,4,5,0
METRICS,12,0.004633,4,4,0
METRICS,1,0.004654,11,12,2
MST,1,3,2
MST,1,4,10
METRICS,3,0.004849,12,12,2
MST,3,7,19
MST,3,8,19
METRICS,4,0.004946,10,10,2
MST,4,10,15
MST,4,9,17
METRICS,7,0.005054,14,13,2
MST,7,15,9
MST,7,16,17
METRICS,10,0.005125,4,4,0
METRICS,9,0.005148,7,7,1
MST,9,19,17
METRICS,8,0.005164,12,11,2
MST,8,18,3
MST,8,17,10
METRICS,15,0.005282,4,5,0
METRICS,18,0.005373,4,5,0
METRICS,16,0.005400,4,4,0
METRICS,19,0.005417,4,4,0
METRICS,17,0.005624,4,4,0
